3
4
7
12
27
32
33
34
35
36
37
38
39
40
41
42
43
44
45
46
47
48
49
50
51
52
53
54
55
56
38
39
41
51
52
53
57
68
69
70
72
74
75
76
78
80
82
84
88
90
94
96
97
101
102
104
106
107
108
111
113
120
121
124
125
126
134
135
136
140
144
145
146
149
155
156
160
161
162
163
164
165
166
167
173
174
177
178
181
183
185
187
189
190
191
192
193
194
196
197
198
199
200
201
202
203
204
205
206
207
208
209
210
211
212
213
214
215
216
217
218
219
220
221
222
223
224
225
226
227
228
229
230
231
232
233
234
235
236
237
238
201
202
203
206
207
208
211
214
215
219
220
221
227
234
241
242
245
246
249
251
258
259
264
265
266
267
273
276
277
279
280
285
287
290
291
294
309
320
321
326
329
334
336
337
344
351
352
353
354
355
356
361
362
363
368
369
370
371
372
373
378
380
383
387
390
393
397
399
401
402
403
404
405
406
407
408
411
412
414
415
417
418
420
423
425
426
428
429
430
432
433
434
435
436
439
440
441
448
449
450
451
452
454
456
457
458
462
464
467
470
471
472
473
479
480
481
487
490
491
493
501
502
508
509
515
521
522
525
531
533
534
552
555
562
563
566
567
571
572
573
579
580
585
587
588
589
590
591
592
593
594
598
599
600
601
605
608
609
610
611
612
613
614
621
622
624
627
633
634
635
641
644
645
652
654
655
658
659
662
666
676
678
682
686
688
691
704
705
707
708
714
713
713
714
716
717
719
720
721
723
724
725
726
727
728
731
732
733
734
735
736
737
738
739
740
741
742
743
744
745
746
747
748
749
750
751
752
753
754
755
756
757
758
759
760
761
762
763
764
765
766
767
768
769
770
771
772
773
774
775
776
777
778
779
780
781
782
783
784
785
786
787
788
789
790
791
792
793
794
795
796
797
798
799
800
801
802
803
804
805
806
807
808
809
810
811
812
813
814
815
816
817
730
730
731
731
732
733
734
735
736
737
738
739
740
741
742
743
744
745
746
747
748
749
750
751
752
753
754
755
756
757
758
759
760
761
762
763
764
765
766
767
768
769
770
771
772
773
774
775
776
777
778
779
780
781
782
783
798
799
801
802
810
814
817
823
824
828
829
849
852
853
854
855
856
857
858
859
860
861
862
863
864
865
866
867
868
869
870
871
872
873
874
875
876
877
878
881
882
883
884
886
887
890
898
899
904
905
906
907
915
917
919
920
922
923
927
928
929
930
931
943
944
945
946
947
950
951
952
953
954
955
959
960
962
963
964
965
966
967
968
971
973
974
975
976
979
980
983
992
995
996
999
1000
1001
1002
1007
1008
1010
1014
1017
1018
1019
1020
1021
1022
1023
1024
1025
1026
1027
1028
1029
1030
1031
1032
1033
1034
1035
1036
1037
1038
1039
1040
1041
1042
1043
1044
1045
1046
1047
1048
1049
1050
1051
1052
1053
1054
1055
1056
1057
1058
1059
1060
1061
1062
1063
1064
1065
1066
1067
1068
1069
1070
1071
1072
1073
1074
1075
1076
1077
1078
1079
1080
1081
1082
1083
1084
1085
1086
1087
1088
1089
1090
1091
1092
1093
1094
1095
1096
1097
1098
1099
1100
1101
1102
1103
1104
1105
1106
1107
1108
1109
1110
1111
1112
1113
1114
1115
1116
1117
1118
1119
1120
1121
1122
1123
1124
1125
1126
1127
1128
1129
1130
1131
1132
1133
1134
1135
1136
1137
1138
1139
1140
1141
1142
1143
1144
1145
1146
1147
1148
1149
1150
1151
1152
1153
1154
1155
1156
1157
1158
1159
1160
1161
1162
1163
1164
1165
1166
1167
1168
1169
1170
1171
1172
1173
1174
1175
1176
1177
1178
1179
1184
1191
1195
1200
1203
1208
1209
1216
1217
1218
1221
1222
1223
1226
1248
1250
1261
1263
1264
1265
1267
1268
1269
1270
1271
1282
1283
1284
1285
1286
1287
1288
1289
1290
1291
1292
1293
1294
1295
1296
1305
1310
1319
1322
1323
1324
1327
1331
1333
1334
1335
1336
1337
1342
1343
1344
1345
1346
1347
1348
1350
1353
1355
1356
1357
1364
1374
1375
1384
1387
1388
1389
1392
1393
1402
1403
1404
1405
1406
1407
1408
1416
1422
1426
1428
1429
1433
1457
1459
1492
1499
1504
1512
1514
1556
1586
1587
1603
1646
1649
1666
1677
1696
1706
1709
1711
1713
1714
1716
1732
1735
1736
1737
1742
1748
1749
1750
1751
1752
1753
1754
1755
1756
1757
1758
1759
1760
1761
1762
1763
1764
1765
1766
1767
1768
1769
1770
1771
1772
1773
1774
1775
1776
1777
1778
1779
1780
1781
1782
1783
1784
1785
1786
1787
1788
1789
1790
1791
1792
1793
1794
1795
1796
1797
1798
1799
1800
1801
1802
1803
1804
1805
1806
1807
1808
1809
1810
1811
1812
1813
1814
1815
1816
1817
1818
1819
1820
1821
1822
1823
1824
1825
1826
1827
1828
1829
1830
1831
1832
1833
1834
1835
1836
1837
1838
1839
1840
1841
1842
1843
1844
1845
1846
1847
1848
1849
1850
1851
1852
1853
1854
1855
1856
1857
1858
1859
1860
1861
1862
1863
1864
1865
1866
1867
1868
1869
1870
1871
1872
1873
1874
1875
1876
1877
1878
1879
1880
1881
1882
1883
1884
1885
1886
1887
1888
1889
1890
1891
1892
1893
1894
1895
1896
1897
1898
1899
1900
1901
1902
1903
1904
1905
1906
1907
1908
1909
1910
1911
1912
1913
1914
1915
1916
1917
1918
1919
1920
1921
1922
1923
1924
1925
1926
1927
1928
1929
1930
1931
1932
1933
1934
1935
1936
1937
1938
1939
1940
1941
1942
1943
1944
1945
1946
1947
1948
1949
1950
1951
1952
1953
1954
1955
1956
1957
1958
1959
1960
1961
1962
1963
1964
1965
1966
1747
1748
1749
1756
1777
1786
1789
1795
1797
1836
1848
1869
1875
1876
1877
1878
1879
1880
1893
1894
1896
1916
1917
1916
1917
1927
1928
1930
1931
1960
1966
1966
1979
1979
1980
1986
2036
2038
2055
2056
2059
2060
2061
2066
2071
2087
2088
2094
2096
2105
2106
2111
2112
2123
2128
2129
2132
2135
2137
2142
2186
2211,2214,2215,2243,2244,2245,2246,2247,2278,2285,2290,2291,2298,2299,2312,2313,2332,2333,2355,2356,2362,2363,2364,2365,2368,2369,2370,2373,2383,2388,2390,2394,2413,2418,2419,2428,2441,2442,2456,2460,2482,2493,2494,2507,2508,2509,2518,2522,2523,2527,2528,2529,2530,2531,2532,2533,2534,2535,2536,2537,2538,2539,2540,2541,2542,2543,2544,2545,2546,2547,2548,2549,2550,2551,2552,2553,2554,2555,2556,2557,2558,2559,2560,2561,2562,2563,2564,2565,2566,2567,2568,2569,2570,2571,2572,2573,2574,2575,2576,2577,2578,2579,2580,2581,2582,2583,2584,2585,2586,2587,2588,2589,2590,2591,2592,2593,2594,2595,2596,2597,2598,2599,2600,2601,2602,2603,2604,2605,2606,2607,2608,2609,2610,2611,2612,2613,2614,2615,2616,2617,2618,2619,2620,2621,2622,2623,2624,2625,2626,2627,2628,2629,2630,2631,2632,2633,2634,2635,2636,2637,2638,2639,2640,2641,2642,2643,2644,2645,2646,2647,2648,2649,2650,2651,2652,2653,2654,2655,2656,2657,2658,2659,2660,2661,2662,2663,2664,2665,2666,2667,2668,2669,2670,2671,2672,2673,2674,2675,2676,2677,2678,2679,2680,2681,2682,2683,2684,2685,2686,2687,2688,2689,2690,2691,2692,2693,2694,2695,2696,2697,2698,2699,2700,2701,2702,2703,2704,2705,2706,2707,2708,2709,2710,2711,2712,2713,2714,2715,2716,2717,2718,2719,2720,2721,2722,2723,2724,2725,2726,2727,2728,2729,2730,2731,2732,2733,2734,2735,2736,2737,2738,2739,2740,2741,2742,2743,2744,2745,2746,2747,2748,2749,2750,2751,2752,2753,2754,2755,2756,2757,2758,2759,2760,2761,2762,2763,2764,2765,2766,2767,2768,2769,2770,2771,2526,2526,2527,2528,2529,2530,2531,2532,2533,2534,2526,2527,2528,2529,2530,2531,2532,2533,2534,2535,2536,2537,2538,2539,2540,2541,2542,2526,2527,2528,2529,2526,2527,2526,2527,2526,2527,2526,2527,2526,2527,2526,2527,2528,2529,2530,2531,2532,2533,2534,2535,2526,2527,2528,2529,2530,2531,2532,2533,2534,2535,2526,2527,2528,2529,2530,2531,2532,2533,2534,2535,2526,2527,2528,2529,2530,2531,2532,2533,2534,2535,2527,2528,2532,2534,2537,2538,2539,2540,2541,2542,2545,2546,2547,2548,2552,2553,2554,2555,2561,2562,2570,2571,2573,2574,2575,